   7.1604826e-01
   4.0337105e+00
   2.2954804e+00
   2.2243621e+00
   2.9942505e+00
   5.8602335e+00
   1.4413437e+00
  -2.1348094e+00
  -1.2992721e+00
  -6.3208625e+00
   4.9630336e+00
  -2.5021202e+00
  -4.8664080e+00
  -3.9919972e+00
  -2.7884294e+00
  -8.7826010e+00
  -1.4082236e+01
  -4.4048003e+00
  -1.2573847e+01
  -7.5840648e+00
   7.4629138e-02
   7.3265256e+00
   1.2302443e+01
   1.6168216e+01
   3.2282156e+01
   4.1603289e+01
   4.9983389e+01
   5.0638022e+01
   5.1529599e+01
   4.8859087e+01
   4.6283617e+01
   4.9753092e+01
   5.2659946e+01
   5.2805554e+01
   4.9829433e+01
   2.5728682e+01
   1.9222673e+01
  -1.0633440e+00
  -2.6791255e+00
  -7.7967089e+00
  -1.4743468e+01
  -4.3903572e+01
  -5.3180000e+01
  -5.9514494e+01
  -3.9053156e+01
  -5.3256191e+01
  -3.0356536e+01
  -3.6058577e+01
  -5.3327003e+01
  -6.4489036e+01
  -6.9214212e+01
  -5.3392512e+01
  -5.9721677e+01
  -6.4331050e+01
  -4.7733757e+01
  -5.7605351e+01
   6.2976367e+00
   8.8153983e+00
   9.7794495e+00
   2.0866005e+01
   2.9047426e+01
   3.4741760e+01
   4.0214250e+01
   4.2688192e+01
   4.6812539e+01
   5.0749821e+01
   5.1668928e+01
   5.6401772e+01
   6.1901354e+01
   7.3158977e+01
   7.1671511e+01
   7.5486702e+01
   7.1501928e+01
   6.3672472e+01
   6.7455795e+01
   6.1963100e+01
   6.9252224e+01
   5.9460018e+01
   4.9530802e+01
   4.7364001e+01
   4.7696931e+01
   4.8017580e+01
   4.6373914e+01
   2.5530680e+01
   1.0463205e+01
   3.8411650e+00
  -9.7486275e+00
  -2.3373594e+01
  -2.5997478e+01
  -1.8953737e+01
  -2.3728152e+01
  -2.7387868e+01
  -1.6578749e+01
  -1.6190664e+01
  -7.6777492e+00
  -1.7733673e+01
  -2.7515574e+01
  -3.1818797e+01
  -1.4762448e+01
  -1.1594919e+01
  -3.7373994e+00
  -1.3343038e+00
  -5.5094597e+00
  -7.5229023e+00
  -8.1314417e+00
  -5.0230112e+00
  -3.8926011e+00
  -1.7492715e+01
  -3.0065103e+01
  -2.6030186e+01
  -2.6314810e+01
  -2.4515263e+01
  -1.7498760e+01
  -2.1717668e+01
  -2.5179778e+01
  -2.7700426e+01
  -2.7807221e+01
  -1.5063920e+01
  -1.5491168e+01
  -1.9387648e+01
  -1.9807647e+01
  -2.0064973e+01
  -2.0477883e+01
  -2.1043431e+01
  -7.3155573e+00
  -3.3293867e+00
  -9.8045861e+00
  -1.0193413e+01
  -1.4173265e+00
  -4.4174309e+00
   4.9817987e+00
   2.9355531e+00
  -3.5004955e+00
  -1.5701220e-02
   1.0944356e+01
   1.1815119e+01
   2.2312046e+01
   3.0459822e+01
   3.3739279e+01
   2.5297791e+01
   2.8118241e+01
   2.7661452e+01
   2.9802290e+01
   2.2797130e+01
   2.1904073e+01
   2.3939915e+01
   2.4269467e+01
   3.2008764e+01
   3.2923574e+01
   2.9644448e+01
   2.4379302e+01
   2.8009057e+01
   2.8223211e+01
   2.7781872e+01
   3.1450527e+01
   3.2533860e+01
   3.0387188e+01
   2.9101597e+01
   2.3999141e+01
   2.1934777e+01
   1.7192506e+01
   1.9227896e+01
   1.4983702e+01
   6.2727982e+00
   4.8839296e+00
   6.1280034e+00
   5.5686983e+00
   2.0218565e+00
  -3.8787693e-01
  -5.4647503e+00
  -3.3450650e-01
   3.7623160e+00
   1.8298990e+00
  -1.1870336e+01
  -2.7214698e+01
  -2.8775904e+01
  -1.8324637e+01
  -1.8011392e+01
  -1.6260634e+01
  -1.3157492e+01
  -1.1920101e+01
  -9.0161838e+00
  -7.2974139e+00
  -5.9874390e+00
  -6.1539527e+00
  -1.4718262e+01
  -2.1756980e+01
  -2.2425064e+01
  -2.0483993e+01
  -1.8650466e+01
  -1.4161515e+01
  -2.0488877e+01
  -1.9457396e+01
  -1.5482875e+01
  -1.2974867e+01
  -1.0730626e+01
  -1.1050274e+01
  -1.6189273e+01
  -1.9199913e+01
  -1.8670138e+01
  -1.6751864e+01
  -1.6022028e+01
  -1.1573598e+01
  -1.3349910e+01
  -1.5394956e+01
  -1.8102130e+01
  -1.7123395e+01
  -1.4130336e+01
  -1.6457955e+01
  -2.2286281e+01
  -3.2725475e+01
  -3.8056526e+01
  -3.2566379e+01
  -2.3812867e+01
  -2.3340527e+01
  -2.3296953e+01
  -2.4434928e+01
  -3.3659591e+01
  -3.6018277e+01
  -4.0436651e+01
  -4.4183108e+01
  -4.6549587e+01
  -5.6418688e+01
  -5.3990410e+01
  -3.4836672e+01
  -3.0918894e+01
  -3.2498631e+01
  -3.9068771e+01
  -2.9362731e+01
  -2.6196583e+01
  -2.1876319e+01
  -1.5869964e+01
  -1.2503062e+01
  -1.9252241e+01
  -2.1055230e+01
  -1.2246553e+01
  -1.4310944e+01
  -1.1435888e+01
  -8.6765999e+00
  -4.7623895e+00
  -6.5873389e-01
   4.9202132e+00
   7.3313745e+00
   3.5792244e+00
   4.2622728e-01
  -4.9132076e+00
  -8.3662650e+00
  -7.3180987e+00
  -4.9827979e+00
  -3.5055588e+00
   1.3571963e+00
   3.0050247e+00
   5.9812188e+00
   3.3304691e+00
   5.7142697e+00
   5.2004738e+00
   7.1722758e+00
  -1.5799922e+00
  -2.6377455e+00
  -1.8126449e+00
  -1.0662844e+00
   2.0754904e+00
   5.5334956e+00
   3.8454359e+00
   4.3764360e+00
   2.7144974e+00
   2.3492379e+00
  -2.3477161e+00
  -6.7573226e+00
  -1.1550327e+01
  -1.7126900e+01
  -1.2410531e+01
  -1.3995315e+01
  -1.2027218e+01
  -9.4086308e+00
  -4.7877515e+00
  -4.5316095e+00
   2.3697766e-01
   4.0264420e+00
   6.2995744e-01
   2.3472342e+00
   3.3258365e+00
  -5.2717550e-01
  -3.0028847e+00
  -1.5258959e+00
   5.8184540e-01
   7.6854569e-01
  -1.7997947e+00
  -3.0749905e+00
  -9.7079506e+00
  -1.3596672e+01
  -1.5629926e+01
  -1.1495735e+01
  -1.5784184e+01
  -2.1074788e+01
  -2.1014062e+01
  -2.1770509e+01
  -2.1482120e+01
  -1.4368640e+01
  -8.1504837e+00
  -1.0550537e+01
  -9.4059524e+00
  -5.2720187e+00
  -3.3531381e+00
  -4.7609208e-01
  -1.9431894e+00
  -7.4816994e+00
  -7.1063790e+00
  -5.9593786e+00
  -7.7995879e+00
  -1.0646317e+01
  -1.3326376e+01
  -1.3453059e+01
  -1.6743392e+01
  -1.7083364e+01
  -1.0444699e+01
  -3.9422747e+00
  -8.5751692e+00
  -6.6053560e+00
  -4.0972148e+00
  -2.2962337e+00
   5.3009575e+00
   6.5453210e+00
   9.4871760e+00
   9.9467501e+00
   9.3317961e+00
   1.3443058e+01
   1.4393339e+01
   1.4255121e+01
   9.5614942e+00
   8.8825202e+00
   1.1371890e+01
   9.8473398e+00
   2.8994841e+00
   1.3112046e+00
   4.9870950e-01
  -1.9903851e+00
  -5.6254721e+00
  -7.5239219e+00
  -5.2139844e+00
  -6.5575493e+00
  -1.1951597e+01
  -1.8910859e+01
  -2.0460342e+01
  -2.3622931e+01
  -1.8316722e+01
  -5.5617848e+00
  -4.3652156e+00
  -5.1250614e+00
  -5.9041352e+00
  -4.6035742e+00
  -7.5992606e+00
  -1.1266494e+01
  -1.1479461e+01
  -8.7379481e+00
  -1.0561530e+01
  -1.0470009e+01
  -9.3748548e+00
  -1.2822542e+01
  -1.2750283e+01
  -1.6228552e+01
  -2.5234466e+01
  -2.0953013e+01
  -2.4979187e+01
  -2.5190126e+01
  -3.0663281e+01
  -3.4980771e+01
  -3.8283007e+01
  -3.2257693e+01
  -2.4701805e+01
  -2.6170676e+01
  -3.3904000e+01
  -3.7630925e+01
  -3.4675025e+01
  -2.5207823e+01
  -2.8469569e+01
  -1.9875132e+01
  -2.3909184e+01
  -2.4847945e+01
  -2.0810490e+01
  -1.5825615e+01
  -7.5247271e+00
  -7.6737617e+00
  -7.3484633e+00
  -6.3803012e+00
  -5.7749135e+00
   1.1255276e+00
   2.7231264e+00
   9.2852929e-01
   1.8512164e-01
   9.5892420e-01
   1.7762047e+00
   3.4687327e+00
   4.0924167e+00
   3.8270108e+00
   7.0530944e-01
  -9.1548477e-01
  -3.6562633e+00
  -2.7477596e+00
  -4.7813530e+00
  -4.7643978e+00
  -7.2631662e+00
  -1.3720489e+01
  -2.5383156e+01
  -2.7784070e+01
  -3.0493036e+01
  -3.3404723e+01
  -3.1986753e+01
  -2.7607792e+01
  -2.5657390e+01
  -1.9546685e+01
  -1.9129911e+01
  -2.1439981e+01
  -2.3499900e+01
  -2.3926938e+01
  -2.3139939e+01
  -1.3670815e+01
  -6.1341056e+00
  -2.7421582e+00
   3.5528547e+00
   4.0947763e+00
   3.2269493e+00
   7.7541251e+00
   1.3031485e+01
   1.6610944e+01
   1.4947011e+01
   1.5899077e+01
   1.7379586e+01
   2.0216419e+01
   3.9109679e+01
   3.9941094e+01
   4.2458447e+01
   4.6117041e+01
   4.7359627e+01
   4.5558028e+01
   4.1491436e+01
   3.4038718e+01
   2.6344498e+01
   3.5660759e+01
   3.9057237e+01
   3.8742932e+01
   4.1361896e+01
   4.5915250e+01
   4.7289753e+01
   4.1346106e+01
   4.1358346e+01
   4.2206532e+01
   4.1124948e+01
   3.4510166e+01
   2.4476351e+01
   1.5776311e+01
   1.5144337e+01
   2.3273215e+01
   2.7681451e+01
   2.5504820e+01
   2.1451083e+01
   1.5620124e+01
   1.8853380e+01
   2.1292017e+01
   1.8976543e+01
   1.8533119e+01
   2.2596084e+01
   2.6496196e+01
   3.2858635e+01
   3.6588276e+01
   3.7164106e+01
   3.8613004e+01
   3.9387311e+01
   4.0350115e+01
   3.9725811e+01
   4.4153862e+01
   4.7528269e+01
   5.0407304e+01
   4.7415670e+01
   5.1178101e+01
   5.3883536e+01
   5.8379450e+01
   6.3281877e+01
   6.2998961e+01
   6.1236996e+01
   5.2740920e+01
   5.1554868e+01
   5.5754965e+01
   5.6470191e+01
   6.2962203e+01
   6.0728645e+01
   5.6758142e+01
   5.2130499e+01
   4.0813404e+01
   4.9367063e+00
  -3.6109450e+01
  -4.1908998e+01
  -2.8531135e+01
   8.0083768e+00
   1.1592728e+01
   4.3781066e+00
   2.2316098e+01
   3.6296269e+01
   3.2186804e+01
   2.3954994e+01
   1.8857300e+01
   2.4743626e+01
   3.7268909e+01
   3.4152744e+01
   3.0146288e+01
   2.4328211e+01
   3.1080638e+01
   2.9409873e+01
   3.7689000e+01
   3.0469614e+01
   1.1671631e+01
   2.1658558e+01
   2.5982128e+01
   2.5494265e+01
   1.9714925e+01
   1.4077565e+01
  -2.9724225e+00
  -1.1981927e+01
  -2.6875297e-01
  -5.7480259e+00
  -5.5343467e+00
  -2.4025531e+00
  -4.8505629e+00
  -4.1420293e+00
   9.0538932e+00
   1.4288871e+01
   9.1604568e+00
   1.0176435e+01
  -1.9370187e+01
  -4.5385099e+01
  -3.1236820e+01
  -2.0404978e+01
  -1.5613130e+01
  -2.4877848e+01
  -1.7463451e+01
  -3.8914212e+01
  -4.4596705e+01
  -2.4367110e+01
  -1.9509554e+01
  -3.0507429e+01
  -3.7569976e+01
  -4.0363331e+01
  -2.8769975e+01
  -2.8458990e+01
  -3.0097140e+01
  -2.3749912e+01
  -1.3244529e+01
  -1.4999012e+01
   7.1859051e+00
   1.2417293e+01
   4.0215656e+00
   1.8640181e+01
   1.2627962e+00
  -1.1895909e+01
   1.8065391e+00
  -1.6751819e+01
  -1.9965932e+01
  -2.5097377e+01
  -3.3997717e+01
  -2.2948790e+01
  -1.2159118e+01
  -1.3094259e+01
  -2.3441910e+00
  -2.3464514e+01
  -3.8076638e+01
  -6.2820465e+01
  -5.6801025e+01
  -5.4354988e+01
  -5.3752234e+01
  -4.1050109e+01
  -1.8359248e+01
  -1.2835698e+01
  -2.3512992e+01
  -3.1109323e+01
  -5.5077326e+01
  -6.5550855e+01
